888967168
888967168
888971264
888971264
880996352
869629952
801058816
801058816
801058816
802381824
814321664
902668288
902668288
902668288
906862592
906862592
906862592
906862592
862302208
862302208
861253632
859930624
859930624
861253632
861253632
861253632
861253632
917901312
957059072
965906432
957059072
957059072
844955648
843239424
852086784
844562432
854368256
945868800
948740096
948740096
948740096
948740096
948740096
948740096
878903296
869687296
869687296
877211648
868364288
869687296
868364288
868364288
868364288
870522880
980885504
980885504
972591104
985079808
882814976
882814976
882814976
882814976
892608512
979963904
982835200
979689472
979689472
979689472
979689472
979689472
870690816
872013824
870965248
869642240
869642240
870965248
878489600
869642240
869642240
869642240
926253056
982155264
986349568
986349568
986349568
986349568
986349568
986349568
986349568
986349568
993873920
993873920
983703552
996777984
996777984
996777984
996777984
996777984
996777984
996777984
987930624
996777984
996777984
996777984
996777984
999424000
999424000
999424000
999424000
999424000
991129600
990576640
956694528
874143744
874143744
874143744
875466752
936382464
984465408
979812352
979812352
979812352
735948800
889278464
890732544
886538240
886538240
887861248
886538240
883892224
883892224
903348224
983937024
988131328
988131328
988131328
988131328
899510272
899510272
899510272
900833280
912744448
968757248
971628544
971628544
971628544
972181504
941277184
871428096
871428096
867233792
867233792
865910784
867233792
876081152
867233792
867233792
877875200
984113152
988307456
988307456
988307456
988307456
988176384
988307456
988307456
777687040
882667520
881344512
882667520
882667520
984154112
984154112
988348416
997195776
988348416
988348416
988348416
988348416
988348416
988348416
987025408
876748800
876748800
875700224
875700224
877023232
877023232
877023232
877023232
877023232
994942976
985382912
989577216
989577216
989577216
989577216
988254208
988254208
988254208
988254208
988254208
986931200
995778560
995778560
995778560
995778560
995778560
892497920
890740736
890740736
892063744
901828608
1000722432
1000722432
1009569792
1000722432
1009569792
1000722432
1000722432
1000722432
1000722432
1000722432
1008246784
999399424
1008246784
1008246784
1008246784
1008246784
1012441088
1012441088
1012441088
1003593728
1003593728
1003593728
1003593728
1003593728
1003593728
1012441088
879722496
875528192
875528192
875528192
876851200
876851200
876851200
885698560
937750528
1002487808
1002487808
993640448
1002487808
993640448
993640448
992317440
992317440
992317440
958947328
882806784
898625536
889778176
899948544
903004160
975785984
975785984
971685888
988827648
979980288
979980288
933232640
868446208
867397632
867397632
866074624
867397632
867397632
867397632
867397632
867397632
928370688
967483392
979972096
979972096
979972096
979972096
979972096
979972096
979972096
963821568
883814400
882491392
882491392
883814400
937172992
984092672
988286976
988839936
988286976
988286976
988286976
988286976
988286976
854585344
888344576
882827264
882827264
882827264
884150272
884150272
892997632
884150272
985931776
984608768
988803072
979955712
979955712
988803072
979955712
979955712
988803072
979955712
979955712
978632704
978632704
978796544
881532928
881532928
881532928
882855936
896888832
975831040
975831040
975831040
975831040
975831040
975831040
975831040
975831040
832172032
867295232
865972224
865972224
865972224
867295232
867295232
867295232
867295232
886763520
975650816
979845120
979845120
954351616
892076032
894722048
894722048
904892416
999329792
988110848
999895040
991047680
991047680
991047680
991047680
991047680
991047680
991047680
991047680
998572032
772198400
887984128
887984128
886935552
886935552
888258560
888258560
888258560
879964160
899248128
990003200
979832832
979832832
984027136
984027136
991551488
982704128
991551488
991551488
982704128
