63
69
79
95
117
133
134
126
115
104
89
79
80
89
100
113
132
147
146
131
112
93
71
45
51
63
79
105
133
147
142
129
116
100
83
76
83
97
110
127
147
156
143
118
94
71
29
29
42
59
84
119
150
158
146
130
114
94
77
76
90
106
121
141
159
157
133
102
76
23
11
19
37
60
93
134
161
162
146
128
109
88
75
82
100
116
132
153
164
151
118
86
31
7
2
16
37
65
104
145
165
160
142
125
106
86
80
92
110
125
141
158
160
137
103
46
20
1
2
18
40
71
112
148
162
153
138
122
105
91
91
104
119
131
144
154
147
122
64
40
18
5
9
25
47
77
115
144
153
145
134
122
109
100
103
113
123
131
139
143
132
83
62
42
24
16
21
34
54
81
113
136
142
138
132
125
116
111
112
118
122
125
128
128
99
80
65
50
37
31
34
45
61
83
108
127
134
134
132
129
123
118
116
117
116
114
114
107
95
83
73
62
52
47
48
55
67
84
104
120
130
133
134
132
127
119
113
108
104
101
103
102
97
90
83
76
67
62
61
65
73
86
102
118
129
134
135
131
124
113
102
95
91
92
98
103
103
99
94
88
81
74
72
75
81
90
105
121
132
135
132
125
114
99
86
79
79
85
97
108
111
108
103
98
90
83
80
83
88
96
110
127
136
133
125
114
99
81
68
66
71
83
102
117
120
115
110
105
96
87
87
91
96
104
119
134
137
127
113
99
80
60
51
57
67
86
111
127
127
120
115
108
96
89
92
98
103
112
129
140
135
118
100
82
59
34
41
51
68
95
123
136
132
124
117
106
93
90
96
104
110
122
138
142
128
106
85
64
23
24
35
50
73
107
135
142
134
124
114
101
89
91
101
109
117
130
142
138
117
92
71
24
13
19
34
54
84
120
143
143
132
121
108
94
87
94
106
114
123
136
141
128
103
79
33
14
9
20
38
62
97
130
145
140
128
115
102
90
89
99
110
119
128
136
133
114
89
45
24
11
12
26
46
74
109
135
143
135
122
110
97
90
94
105
114
121
128
130
120
99
57
38
21
14
20
35
57
86
117
135
137
128
117
106
97
95
101
110
116
121
123
120
106
68
52
36
25
23
32
47
69
96
120
131
130
122
114
106
101
101
107
112
115
116
115
107
77
63
51
40
33
35
44
59
79
102
119
126
124
119
114
109
106
107
109
110
109
108
105
84
72
63
55
47
44
48
57
70
87
105
118
122
121
119
117
113
109
108
107
104
101
98
88
80
73
67
62
57
56
60
68
78
92
106
116
120
121
121
119
114
109
104
100
95
91
88
84
80
77
75
71
68
67
71
77
85
97
108
117
120
122
121
117
110
102
95
88
83
83
85
86
86
85
84
81
77
77
79
84
91
101
112
119
122
122
118
111
100
89
80
74
73
79
87
92
95
95
93
89
85
83
85
90
97
107
117
124
124
119
110
99
85
71
62
61
67
80
94
104
106
105
101
96
89
86
89
96
104
113
124
129
124
112
98
82
64
49
45
52
65
86
106
118
118
114
108
98
89
87
93
102
111
122
133
134
121
102
82
62
41
